using System;
using System.Collections.Generic;
using System.Linq;
using System.Text;
using System.Threading.Tasks;

namespace HtcGaussianBlur
{
    internal static class GaussianFilterKernel
    {
        /// <summary>
        /// Returns a gaussian blure kernel of size 2 to 9
        /// </summary>
        /// <param name="size">Expected range 2 to 9, by default kernel of size 9 is returned</param>
        /// <returns>gaussian blure kernel of specified size</returns>
        public static double[] getKernelBySize(int size)
        {
            switch(size)
            {
                case 2: return kernel2;
                case 3: return kernel3;
                case 4: return kernel4;
                case 5: return kernel5;
                case 6: return kernel6;
                case 7: return kernel7;
                case 8: return kernel8;
                case 9: return kernel9;
                default: return kernel9;
            }
        }

        private static double[] kernel9 = {
            0.000000, 0.000001, 0.000007, 0.000032, 0.000053, 0.000032, 0.000007, 0.000001, 0.000000,
            0.000001, 0.000020, 0.000239, 0.001072, 0.001768, 0.001072, 0.000239, 0.000020, 0.000001,
            0.000007, 0.000239, 0.002915, 0.013064, 0.021539, 0.013064, 0.002915, 0.000239, 0.000007,
            0.000032, 0.001072, 0.013064, 0.058550, 0.096533, 0.058550, 0.013064, 0.001072, 0.000032,
            0.000053, 0.001768, 0.021539, 0.096533, 0.159156, 0.096533, 0.021539, 0.001768, 0.000053,
            0.000032, 0.001072, 0.013064, 0.058550, 0.096533, 0.058550, 0.013064, 0.001072, 0.000032,
            0.000007, 0.000239, 0.002915, 0.013064, 0.021539, 0.013064, 0.002915, 0.000239, 0.000007,
            0.000001, 0.000020, 0.000239, 0.001072, 0.001768, 0.001072, 0.000239, 0.000020, 0.000001,
            0.000000, 0.000001, 0.000007, 0.000032, 0.000053, 0.000032, 0.000007, 0.000001, 0.000000,
        };
        private static double[] kernel8 = {
            0.000001, 0.000015, 0.000113, 0.000307, 0.000307, 0.000113, 0.000015, 0.000001,
            0.000015, 0.000307, 0.002270, 0.006172, 0.006172, 0.002270, 0.000307, 0.000015,
            0.000113, 0.002270, 0.016776, 0.045602, 0.045602, 0.016776, 0.002270, 0.000113,
            0.000307, 0.006172, 0.045602, 0.123958, 0.123958, 0.045602, 0.006172, 0.000307,
            0.000307, 0.006172, 0.045602, 0.123958, 0.123958, 0.045602, 0.006172, 0.000307,
            0.000113, 0.002270, 0.016776, 0.045602, 0.045602, 0.016776, 0.002270, 0.000113,
            0.000015, 0.000307, 0.002270, 0.006172, 0.006172, 0.002270, 0.000307, 0.000015,
            0.000001, 0.000015, 0.000113, 0.000307, 0.000307, 0.000113, 0.000015, 0.000001,
        };
        private static double[] kernel7 = {
            0.000020, 0.000239, 0.001073, 0.001769, 0.001073, 0.000239, 0.000020,
            0.000239, 0.002917, 0.013071, 0.021551, 0.013071, 0.002917, 0.000239,
            0.001073, 0.013071, 0.058582, 0.096585, 0.058582, 0.013071, 0.001073,
            0.001769, 0.021551, 0.096585, 0.159241, 0.096585, 0.021551, 0.001769,
            0.001073, 0.013071, 0.058582, 0.096585, 0.058582, 0.013071, 0.001073,
            0.000239, 0.002917, 0.013071, 0.021551, 0.013071, 0.002917, 0.000239,
            0.000020, 0.000239, 0.001073, 0.001769, 0.001073, 0.000239, 0.000020,
        };
        private static double[] kernel6 = {
            0.000308, 0.002278, 0.006193, 0.006193, 0.002278, 0.000308,
            0.002278, 0.016835, 0.045761, 0.045761, 0.016835, 0.002278,
            0.006193, 0.045761, 0.124392, 0.124392, 0.045761, 0.006193,
            0.006193, 0.045761, 0.124392, 0.124392, 0.045761, 0.006193,
            0.002278, 0.016835, 0.045761, 0.045761, 0.016835, 0.002278,
            0.000308, 0.002278, 0.006193, 0.006193, 0.002278, 0.000308,
        };
        private static double[] kernel5 = {
            0.002969, 0.013306, 0.021938, 0.013306, 0.002969,
            0.013306, 0.059634, 0.098320, 0.059634, 0.013306,
            0.021938, 0.098320, 0.162103, 0.098320, 0.021938,
            0.013306, 0.059634, 0.098320, 0.059634, 0.013306,
            0.002969, 0.013306, 0.021938, 0.013306, 0.002969,
        };
        private static double[] kernel4 = {
            0.018082, 0.049153, 0.049153, 0.018082,
            0.049153, 0.133612, 0.133612, 0.049153,
            0.049153, 0.133612, 0.133612, 0.049153,
            0.018082, 0.049153, 0.049153, 0.018082,
        };
        private static double[] kernel3 = {
            0.075114, 0.123841, 0.075114,
            0.123841, 0.204180, 0.123841,
            0.075114, 0.123841, 0.075114,};
        private static double[] kernel2 = {
            0.250000, 0.250000,
            0.250000, 0.250000,
        };
    }
}
